128 1 54 1006
128 3 52 409
128 5 50 253
128 7 48 192
128 8 47 158
128 10 45 123
69 -1 -1 103
128 13 42 92
128 14 41 78
65 -1 -1 64
128 16 39 60
78 -1 -1 57
82 -1 -1 49
128 17 38 45
128 19 36 37
128 20 35 33
128 21 34 28
67 -1 -1 22
77 -1 -1 20
128 22 33 18
89 -1 -1 16
66 -1 -1 13
86 -1 -1 8
128 24 31 5
128 27 28 2
0 -1 -1 1
88 -1 -1 1
81 -1 -1 1
74 -1 -1 1
90 -1 -1 1
128 26 29 2
128 25 30 3
75 -1 -1 5
128 23 32 10
80 -1 -1 15
71 -1 -1 17
87 -1 -1 19
70 -1 -1 21
85 -1 -1 23
68 -1 -1 32
76 -1 -1 33
128 18 37 41
72 -1 -1 47
83 -1 -1 51
73 -1 -1 57
79 -1 -1 63
128 15 40 66
84 -1 -1 80
128 12 43 100
128 11 44 114
128 9 46 130
32 -1 -1 186
128 6 49 217
128 4 51 344
128 2 53 597
